2 2011-05-12 14:56:00 90 0 0 0 60 
3 2011-05-12 14:57:00 154 0 0 0 76 
4 2011-05-12 14:58:00 168 0 0 0 74 
5 2011-05-12 14:59:00 192 0 0 0 90 
6 2011-05-12 15:00:00 184 2 0 0 82 
7 2011-05-12 15:01:00 204 0 0 0 84 
8 2011-05-12 15:02:00 166 0 0 0 72 
9 2011-05-12 15:03:00 118 2 0 0 72 
10 2011-05-12 15:04:00 176 0 0 0 72 
11 2011-05-12 15:05:00 164 0 0 0 74 
12 2011-05-12 15:06:00 164 0 0 0 76 
13 2011-05-12 15:07:00 152 2 0 0 70 
14 2011-05-12 15:08:00 172 0 0 0 70 
15 2011-05-12 15:09:00 140 0 0 0 86 
16 2011-05-12 15:10:00 168 0 0 0 66 
17 2011-05-12 15:11:00 162 2 0 0 72 
18 2011-05-12 15:12:00 130 2 0 0 64 
19 2011-05-12 15:13:00 190 0 0 0 78 
20 2011-05-12 15:14:00 168 0 0 0 82 
21 2011-05-12 15:15:00 172 2 0 0 88 
22 2011-05-12 15:16:00 186 0 0 0 72 
23 2011-05-12 15:17:00 184 0 0 0 70 
24 2011-05-12 15:18:00 164 0 0 0 70 
25 2011-05-12 15:19:00 138 0 0 0 84 
26 2011-05-12 15:20:00 174 0 0 0 66 
27 2011-05-12 15:21:00 132 0 0 0 68 
28 2011-05-12 15:22:00 166 2 0 0 80 
29 2011-05-12 15:23:00 190 0 0 0 96 
30 2011-05-12 15:24:00 202 0 0 0 72 
31 2011-05-12 15:25:00 188 4 0 0 86 
32 2011-05-12 15:26:00 196 4 0 0 84 
33 2011-05-12 15:27:00 178 2 0 0 72 
34 2011-05-12 15:28:00 166 4 0 0 100 
35 2011-05-12 15:29:00 174 2 0 0 76 
36 2011-05-12 15:30:00 174 2 0 0 76 
37 2011-05-12 15:31:00 174 0 0 0 60 
38 2011-05-12 15:32:00 150 0 0 0 55 
39 2011-05-12 15:33:00 184 0 0 0 88 
40 2011-05-12 15:34:00 138 0 0 0 64 
41 2011-05-12 15:35:00 166 0 0 0 44 
42 2011-05-12 15:36:00 144 0 0 0 66 
43 2011-05-12 15:37:00 158 0 0 0 74 
44 2011-05-12 15:38:00 178 0 0 0 64 
45 2011-05-12 15:39:00 146 0 0 0 76 
46 2011-05-12 15:40:00 176 2 0 0 80 
47 2011-05-12 15:41:00 166 0 0 0 74 
48 2011-05-12 15:42:00 148 2 0 0 70 
49 2011-05-12 15:43:00 162 2 0 0 74 
50 2011-05-12 15:44:00 150 0 0 0 64 
51 2011-05-12 15:45:00 154 0 0 0 106 
52 2011-05-12 15:46:00 182 0 0 0 96 
53 2011-05-12 15:47:00 166 0 0 0 76 
54 2011-05-12 15:48:00 128 0 0 0 52 
55 2011-05-12 15:49:00 132 2 0 0 54 
56 2011-05-12 15:50:00 212 0 0 0 82 
57 2011-05-12 15:51:00 174 0 0 0 70 
58 2011-05-12 15:52:00 180 2 0 0 90 
59 2011-05-12 15:53:00 166 2 0 0 80 
60 2011-05-12 15:54:00 156 0 0 0 66 
61 2011-05-12 15:55:00 168 0 0 0 76 
62 2011-05-12 15:56:00 164 2 0 0 80 
63 2011-05-12 15:57:00 144 2 0 0 56 
64 2011-05-12 15:58:00 174 0 0 0 78 
65 2011-05-12 15:59:00 168 0 0 0 64 
66 2011-05-12 16:00:00 168 4 0 0 70 
67 2011-05-12 16:01:00 170 0 0 0 100 
68 2011-05-12 16:02:00 160 0 0 0 78 
69 2011-05-12 16:03:00 142 4 0 0 54 
70 2011-05-12 16:04:00 180 0 0 0 78 
71 2011-05-12 16:05:00 170 0 0 0 80 
72 2011-05-12 16:06:00 124 0 0 0 52 
73 2011-05-12 16:07:00 164 4 0 0 78 
74 2011-05-12 16:08:00 164 0 0 0 68 
75 2011-05-12 16:09:00 124 0 0 0 60 
76 2011-05-12 16:10:00 140 0 0 0 72 
77 2011-05-12 16:11:00 170 0 0 0 110 
78 2011-05-12 16:12:00 194 2 0 0 82 
79 2011-05-12 16:13:00 148 0 0 0 70 
80 2011-05-12 16:14:00 170 0 0 0 68 
81 2011-05-12 16:15:00 152 0 0 0 70 
82 2011-05-12 16:16:00 156 0 0 0 74 
83 2011-05-12 16:17:00 164 0 0 0 60 
84 2011-05-12 16:18:00 172 0 0 0 80 
85 2011-05-12 16:19:00 126 0 0 0 58 
86 2011-05-12 16:20:00 162 0 0 0 66 
87 2011-05-12 16:21:00 178 2 0 0 92 
88 2011-05-12 16:22:00 169 2 0 0 59 
89 2011-05-12 16:23:00 168 0 0 0 62 
90 2011-05-12 16:24:00 132 0 0 0 62 
91 2011-05-12 16:25:00 138 0 0 0 78 
92 2011-05-12 16:26:00 142 2 0 0 64 
93 2011-05-12 16:27:00 132 2 0 0 76 
94 2011-05-12 16:28:00 166 0 0 0 78 
95 2011-05-12 16:29:00 144 0 0 0 82 
96 2011-05-12 16:30:00 150 0 0 0 64 
97 2011-05-12 16:31:00 142 0 0 0 54 
98 2011-05-12 16:32:00 150 0 0 0 73 
99 2011-05-12 16:33:00 144 0 0 0 92 
100 2011-05-12 16:34:00 112 0 0 0 62 
101 2011-05-12 16:35:00 168 0 0 0 66 
102 2011-05-12 16:36:00 128 0 0 0 50 
103 2011-05-12 16:37:00 138 0 0 0 76 
104 2011-05-12 16:38:00 166 4 0 0 74 
105 2011-05-12 16:39:00 164 0 0 0 76 
106 2011-05-12 16:40:00 150 0 0 0 60 
107 2011-05-12 16:41:00 162 2 0 0 76 
108 2011-05-12 16:42:00 140 0 0 0 74 
109 2011-05-12 16:43:00 198 2 0 0 106 
110 2011-05-12 16:44:00 168 0 0 0 82 
111 2011-05-12 16:45:00 160 0 0 0 82 
112 2011-05-12 16:46:00 168 0 0 0 60 
113 2011-05-12 16:47:00 138 0 0 0 56 
114 2011-05-12 16:48:00 162 0 0 0 62 
115 2011-05-12 16:49:00 130 0 0 0 44 
116 2011-05-12 16:50:00 152 0 0 0 56 
117 2011-05-12 16:51:00 120 0 0 0 46 
118 2011-05-12 16:52:00 156 0 0 0 56 
119 2011-05-12 16:53:00 184 0 0 0 84 
120 2011-05-12 16:54:00 144 0 0 0 52 
121 2011-05-12 16:55:00 152 0 0 0 88 
122 2011-05-12 16:56:00 190 0 0 0 88 
123 2011-05-12 16:57:00 190 2 0 0 108 
124 2011-05-12 16:58:00 216 0 0 0 112 
125 2011-05-12 16:59:00 230 2 0 0 82 
126 2011-05-12 17:00:00 198 0 0 0 80 
127 2011-05-12 17:01:00 170 0 0 0 64 
128 2011-05-12 17:02:00 154 0 0 0 58 
129 2011-05-12 17:03:00 160 2 0 0 88 
130 2011-05-12 17:04:00 152 0 0 0 74 
131 2011-05-12 17:05:00 168 0 0 0 70 
132 2011-05-12 17:06:00 142 0 0 0 76 
133 2011-05-12 17:07:00 110 0 0 0 56 
134 2011-05-12 17:08:00 146 0 0 0 62 
135 2011-05-12 17:09:00 154 2 0 0 56 
136 2011-05-12 17:10:00 150 0 0 0 76 
137 2011-05-12 17:11:00 166 0 0 0 78 
138 2011-05-12 17:12:00 156 2 0 0 68 
139 2011-05-12 17:13:00 160 0 0 0 94 
140 2011-05-12 17:14:00 144 2 0 0 86 
141 2011-05-12 17:15:00 170 4 0 0 90 
142 2011-05-12 17:16:00 116 0 0 0 60 
143 2011-05-12 17:17:00 132 4 0 0 44 
144 2011-05-12 17:18:00 118 2 0 0 56 
145 2011-05-12 17:19:00 180 2 0 0 76 
146 2011-05-12 17:20:00 154 0 0 0 80 
147 2011-05-12 17:21:00 154 0 0 0 88 
148 2011-05-12 17:22:00 124 2 0 0 58 
149 2011-05-12 17:23:00 190 4 0 0 76 
150 2011-05-12 17:24:00 160 0 0 0 108 
151 2011-05-12 17:25:00 154 0 0 0 86 
152 2011-05-12 17:26:00 136 0 0 0 54 
153 2011-05-12 17:27:00 142 4 0 0 70 
154 2011-05-12 17:28:00 180 0 0 0 80 
155 2011-05-12 17:29:00 172 2 0 0 78 
156 2011-05-12 17:30:00 166 0 0 0 86 
157 2011-05-12 17:31:00 144 0 0 0 82 
158 2011-05-12 17:32:00 136 2 0 0 85 
159 2011-05-12 17:33:00 142 0 0 0 72 
160 2011-05-12 17:34:00 158 2 0 0 56 
161 2011-05-12 17:35:00 132 0 0 0 66 
162 2011-05-12 17:36:00 124 0 0 0 86 
163 2011-05-12 17:37:00 128 0 0 0 60 
164 2011-05-12 17:38:00 152 2 0 0 46 
165 2011-05-12 17:39:00 154 0 0 0 52 
166 2011-05-12 17:40:00 186 2 0 0 70 
167 2011-05-12 17:41:00 150 0 0 0 80 
168 2011-05-12 17:42:00 130 0 0 0 58 
169 2011-05-12 17:43:00 164 0 0 0 84 
170 2011-05-12 17:44:00 164 0 0 0 66 
171 2011-05-12 17:45:00 172 2 0 0 84 
172 2011-05-12 17:46:00 186 0 0 0 88 
173 2011-05-12 17:47:00 152 0 0 0 72 
174 2011-05-12 17:48:00 122 0 0 0 72 
175 2011-05-12 17:49:00 156 0 0 0 64 
176 2011-05-12 17:50:00 162 0 0 0 68 
177 2011-05-12 17:51:00 126 2 0 0 78 
178 2011-05-12 17:52:00 168 0 0 0 76 
179 2011-05-12 17:53:00 168 0 0 0 82 
180 2011-05-12 17:54:00 148 0 0 0 64 
181 2011-05-12 17:55:00 158 0 0 0 88 
182 2011-05-12 17:56:00 226 0 0 0 84 
183 2011-05-12 17:57:00 142 0 0 0 62 
184 2011-05-12 17:58:00 174 0 0 0 80 
185 2011-05-12 17:59:00 148 0 0 0 70 
186 2011-05-12 18:00:00 196 0 0 0 112 
187 2011-05-12 18:01:00 158 0 0 0 46 
188 2011-05-12 18:02:00 162 0 0 0 70 
189 2011-05-12 18:03:00 152 2 0 0 48 
190 2011-05-12 18:04:00 140 0 0 0 66 
191 2011-05-12 18:05:00 164 0 0 0 66 
192 2011-05-12 18:06:00 184 0 0 0 98 
193 2011-05-12 18:07:00 168 4 0 0 64 
194 2011-05-12 18:08:00 158 0 0 0 66 
195 2011-05-12 18:09:00 162 0 0 0 76 
196 2011-05-12 18:10:00 174 2 0 0 68 
197 2011-05-12 18:11:00 128 0 0 0 64 
198 2011-05-12 18:12:00 144 0 0 0 64 
199 2011-05-12 18:13:00 140 0 0 0 84 
200 2011-05-12 18:14:00 146 0 0 0 78 
201 2011-05-12 18:15:00 156 0 0 0 78 
202 2011-05-12 18:16:00 158 6 0 0 82 
203 2011-05-12 18:17:00 160 0 0 0 70 
204 2011-05-12 18:18:00 176 0 0 0 66 
205 2011-05-12 18:19:00 144 0 0 0 42 
206 2011-05-12 18:20:00 172 0 0 0 64 
207 2011-05-12 18:21:00 166 2 0 0 62 
208 2011-05-12 18:22:00 124 0 0 0 66 
209 2011-05-12 18:23:00 172 0 0 0 76 
210 2011-05-12 18:24:00 174 0 0 0 62 
211 2011-05-12 18:25:00 144 0 0 0 62 
212 2011-05-12 18:26:00 146 0 0 0 76 
213 2011-05-12 18:27:00 140 2 0 0 106 
214 2011-05-12 18:28:00 158 4 0 0 96 
215 2011-05-12 18:29:00 140 0 0 0 66 
216 2011-05-12 18:30:00 166 0 0 0 56 
217 2011-05-12 18:31:00 176 0 0 0 96 
218 2011-05-12 18:32:00 164 0 0 0 64 
219 2011-05-12 18:33:00 158 0 0 0 78 
220 2011-05-12 18:34:00 150 0 0 0 52 
221 2011-05-12 18:35:00 134 2 0 0 80 
222 2011-05-12 18:36:00 178 0 0 0 70 
223 2011-05-12 18:37:00 166 0 0 0 80 
224 2011-05-12 18:38:00 178 2 0 0 60 
225 2011-05-12 18:39:00 156 0 0 0 78 
226 2011-05-12 18:40:00 168 0 0 0 88 
227 2011-05-12 18:41:00 150 0 0 0 82 
228 2011-05-12 18:42:00 156 2 0 0 76 
229 2011-05-12 18:43:00 166 0 0 0 90 
230 2011-05-12 18:44:00 150 0 0 0 58 
231 2011-05-12 18:45:00 156 0 0 0 50 
232 2011-05-12 18:46:00 154 2 0 0 74 
233 2011-05-12 18:47:00 160 0 0 0 66 
234 2011-05-12 18:48:00 166 0 0 0 72 
235 2011-05-12 18:49:00 156 0 0 0 80 
236 2011-05-12 18:50:00 152 0 0 0 70 
237 2011-05-12 18:51:00 144 0 0 0 70 
238 2011-05-12 18:52:00 162 2 0 0 86 
239 2011-05-12 18:53:00 118 4 0 0 44 
240 2011-05-12 18:54:00 134 0 0 0 70 
241 2011-05-12 18:55:00 136 4 0 0 72 
242 2011-05-12 18:56:00 158 2 0 0 50 
243 2011-05-12 18:57:00 154 2 0 0 80 
244 2011-05-12 18:58:00 140 0 0 0 70 
245 2011-05-12 18:59:00 122 0 0 0 88 
246 2011-05-12 19:00:00 190 2 0 0 88 
247 2011-05-12 19:01:00 164 0 0 0 66 
248 2011-05-12 19:02:00 160 0 0 0 92 
249 2011-05-12 19:03:00 128 0 0 0 64 
250 2011-05-12 19:04:00 144 0 0 0 74 
251 2011-05-12 19:05:00 200 0 0 0 82 
252 2011-05-12 19:06:00 194 0 0 0 76 
253 2011-05-12 19:07:00 172 0 0 0 92 
254 2011-05-12 19:08:00 158 0 0 2 64 
255 2011-05-12 19:09:00 130 0 0 0 64 
256 2011-05-12 19:10:00 166 0 0 0 86 
257 2011-05-12 19:11:00 128 0 0 0 72 
258 2011-05-12 19:12:00 156 0 0 0 86 
259 2011-05-12 19:13:00 198 0 0 0 94 
260 2011-05-12 19:14:00 158 0 0 0 74 
261 2011-05-12 19:15:00 144 0 0 0 78 
262 2011-05-12 19:16:00 182 0 0 0 60 
263 2011-05-12 19:17:00 158 2 0 0 76 
264 2011-05-12 19:18:00 186 0 0 0 74 
265 2011-05-12 19:19:00 134 2 0 0 66 
266 2011-05-12 19:20:00 150 0 0 0 94 
267 2011-05-12 19:21:00 148 0 0 0 60 
268 2011-05-12 19:22:00 142 0 0 0 80 
269 2011-05-12 19:23:00 158 0 0 0 58 
270 2011-05-12 19:24:00 160 0 0 0 84 
271 2011-05-12 19:25:00 148 0 0 0 70 
272 2011-05-12 19:26:00 162 0 0 0 88 
273 2011-05-12 19:27:00 150 0 0 0 80 
274 2011-05-12 19:28:00 172 4 0 0 64 
275 2011-05-12 19:29:00 138 0 0 0 76 
276 2011-05-12 19:30:00 168 0 0 0 88 
277 2011-05-12 19:31:00 204 2 0 0 76 
278 2011-05-12 19:32:00 146 0 0 0 58 
279 2011-05-12 19:33:00 138 0 0 0 52 
280 2011-05-12 19:34:00 142 2 0 0 50 
281 2011-05-12 19:35:00 142 2 0 0 60 
282 2011-05-12 19:36:00 144 0 0 0 76 
283 2011-05-12 19:37:00 146 0 0 0 64 
284 2011-05-12 19:38:00 134 2 0 0 68 
285 2011-05-12 19:39:00 138 2 0 0 60 
286 2011-05-12 19:40:00 174 0 0 0 88 
287 2011-05-12 19:41:00 142 0 0 0 66 
288 2011-05-12 19:42:00 152 0 0 0 58 
289 2011-05-12 19:43:00 144 0 0 0 50 
290 2011-05-12 19:44:00 116 0 0 0 44 
291 2011-05-12 19:45:00 182 0 0 0 74 
292 2011-05-12 19:46:00 106 0 0 0 72 
293 2011-05-12 19:47:00 142 0 0 0 84 
294 2011-05-12 19:48:00 130 0 0 0 80 
295 2011-05-12 19:49:00 150 0 0 0 70 
296 2011-05-12 19:50:00 140 0 0 0 82 
297 2011-05-12 19:51:00 154 2 0 0 78 
298 2011-05-12 19:52:00 158 0 0 0 50 
299 2011-05-12 19:53:00 156 0 0 0 60 
300 2011-05-12 19:54:00 166 0 0 0 72 
301 2011-05-12 19:55:00 120 0 0 0 54 
302 2011-05-12 19:56:00 142 0 0 0 72 
303 2011-05-12 19:57:00 102 2 0 0 52 
304 2011-05-12 19:58:00 150 0 0 0 60 
305 2011-05-12 19:59:00 146 0 0 0 84 
306 2011-05-12 20:00:00 150 0 0 0 78 
307 2011-05-12 20:01:00 120 0 0 0 50 
308 2011-05-12 20:02:00 162 0 0 0 80 
309 2011-05-12 20:03:00 148 0 0 0 68 
310 2011-05-12 20:04:00 146 0 0 0 74 
311 2011-05-12 20:05:00 150 0 0 0 58 
312 2011-05-12 20:06:00 154 0 0 0 60 
313 2011-05-12 20:07:00 110 0 0 0 50 
314 2011-05-12 20:08:00 142 2 0 0 56 
315 2011-05-12 20:09:00 124 0 0 0 54 
316 2011-05-12 20:10:00 150 2 0 0 74 
317 2011-05-12 20:11:00 160 2 0 0 74 
318 2011-05-12 20:12:00 198 0 0 0 88 
319 2011-05-12 20:13:00 156 0 0 0 90 
320 2011-05-12 20:14:00 144 0 0 0 84 
321 2011-05-12 20:15:00 150 0 0 0 54 
322 2011-05-12 20:16:00 146 0 0 0 90 
323 2011-05-12 20:17:00 140 0 0 0 56 
324 2011-05-12 20:18:00 124 0 0 0 78 
325 2011-05-12 20:19:00 158 2 0 0 62 
326 2011-05-12 20:20:00 160 0 0 0 82 
327 2011-05-12 20:21:00 124 2 0 0 72 
328 2011-05-12 20:22:00 160 0 0 0 74 
329 2011-05-12 20:23:00 156 0 0 0 68 
330 2011-05-12 20:24:00 130 0 0 0 60 
331 2011-05-12 20:25:00 160 0 0 0 66 
332 2011-05-12 20:26:00 128 0 0 0 56 
333 2011-05-12 20:27:00 132 2 0 0 56 
334 2011-05-12 20:28:00 122 2 0 0 72 
335 2011-05-12 20:29:00 148 0 0 0 64 
336 2011-05-12 20:30:00 134 0 0 0 72 
337 2011-05-12 20:31:00 130 0 0 0 66 
338 2011-05-12 20:32:00 143 0 0 0 43 
339 2011-05-12 20:33:00 106 0 0 0 50 
340 2011-05-12 20:34:00 126 0 0 0 46 
341 2011-05-12 20:35:00 148 2 0 0 86 
342 2011-05-12 20:36:00 134 0 0 0 80 
343 2011-05-12 20:37:00 172 0 0 0 56 
344 2011-05-12 20:38:00 126 0 0 0 80 
345 2011-05-12 20:39:00 134 0 0 0 50 
346 2011-05-12 20:40:00 126 0 0 0 64 
347 2011-05-12 20:41:00 110 0 0 0 76 
348 2011-05-12 20:42:00 116 0 0 0 52 
349 2011-05-12 20:43:00 106 2 0 0 34 
350 2011-05-12 20:44:00 80 0 0 0 44 
351 2011-05-12 20:45:00 134 0 0 0 72 
352 2011-05-12 20:46:00 138 4 0 0 72 
353 2011-05-12 20:47:00 130 0 0 0 64 
354 2011-05-12 20:48:00 118 0 0 0 56 
355 2011-05-12 20:49:00 116 0 0 0 58 
356 2011-05-12 20:50:00 136 0 0 0 40 
357 2011-05-12 20:51:00 118 0 0 0 58 
358 2011-05-12 20:52:00 120 0 0 0 64 
359 2011-05-12 20:53:00 154 2 0 0 88 
360 2011-05-12 20:54:00 126 0 0 0 64 
361 2011-05-12 20:55:00 134 0 0 0 56 
362 2011-05-12 20:56:00 108 0 0 0 52 
363 2011-05-12 20:57:00 142 0 0 0 66 
364 2011-05-12 20:58:00 116 0 0 0 62 
365 2011-05-12 20:59:00 110 0 0 0 70 
366 2011-05-12 21:00:00 156 2 0 0 84 
367 2011-05-12 21:01:00 126 2 0 0 58 
368 2011-05-12 21:02:00 142 0 0 0 56 
369 2011-05-12 21:03:00 166 0 0 0 72 
370 2011-05-12 21:04:00 126 0 0 0 92 
371 2011-05-12 21:05:00 146 0 0 0 50 
372 2011-05-12 21:06:00 158 0 0 0 66 
373 2011-05-12 21:07:00 122 2 0 0 76 
374 2011-05-12 21:08:00 126 0 0 0 78 
375 2011-05-12 21:09:00 154 2 0 0 78 
376 2011-05-12 21:10:00 134 0 0 0 56 
377 2011-05-12 21:11:00 120 0 0 0 48 
378 2011-05-12 21:12:00 110 0 0 0 58 
379 2011-05-12 21:13:00 148 0 0 0 52 
380 2011-05-12 21:14:00 116 0 0 0 58 
381 2011-05-12 21:15:00 140 2 0 0 76 
382 2011-05-12 21:16:00 130 2 0 0 44 
383 2011-05-12 21:17:00 144 0 0 0 52 
384 2011-05-12 21:18:00 154 2 0 0 76 
385 2011-05-12 21:19:00 126 0 0 0 52 
386 2011-05-12 21:20:00 108 2 0 0 72 
387 2011-05-12 21:21:00 116 0 0 0 58 
388 2011-05-12 21:22:00 98 0 0 0 54 
389 2011-05-12 21:23:00 128 0 0 0 52 
390 2011-05-12 21:24:00 92 0 0 0 50 
391 2011-05-12 21:25:00 136 2 0 0 44 
392 2011-05-12 21:26:00 130 0 0 0 78 
393 2011-05-12 21:27:00 128 4 0 0 68 
394 2011-05-12 21:28:00 126 0 0 0 74 
395 2011-05-12 21:29:00 134 2 0 0 68 
396 2011-05-12 21:30:00 156 0 0 0 60 
397 2011-05-12 21:31:00 110 0 0 0 48 
398 2011-05-12 21:32:00 109 0 0 0 57 
399 2011-05-12 21:33:00 120 0 0 0 62 
400 2011-05-12 21:34:00 126 2 0 0 62 
401 2011-05-12 21:35:00 118 0 0 0 54 
402 2011-05-12 21:36:00 140 0 0 0 62 
403 2011-05-12 21:37:00 98 0 0 0 50 
404 2011-05-12 21:38:00 122 0 0 0 54 
405 2011-05-12 21:39:00 126 2 0 0 50 
406 2011-05-12 21:40:00 116 0 0 0 44 
407 2011-05-12 21:41:00 108 0 0 0 54 
408 2011-05-12 21:42:00 90 0 0 0 48 
409 2011-05-12 21:43:00 142 2 0 0 66 
410 2011-05-12 21:44:00 144 0 0 0 62 
411 2011-05-12 21:45:00 118 0 0 0 60 
412 2011-05-12 21:46:00 112 0 0 0 52 
413 2011-05-12 21:47:00 134 0 0 0 30 
414 2011-05-12 21:48:00 124 0 0 0 64 
415 2011-05-12 21:49:00 128 0 0 0 56 
416 2011-05-12 21:50:00 110 0 0 0 66 
417 2011-05-12 21:51:00 90 0 0 0 50 
418 2011-05-12 21:52:00 120 0 0 0 62 
419 2011-05-12 21:53:00 90 0 0 0 46 
420 2011-05-12 21:54:00 112 0 0 0 44 
421 2011-05-12 21:55:00 104 0 0 0 30 
422 2011-05-12 21:56:00 146 0 0 0 52 
423 2011-05-12 21:57:00 100 0 0 0 36 
424 2011-05-12 21:58:00 94 0 0 0 44 
425 2011-05-12 21:59:00 112 2 0 0 52 
426 2011-05-12 22:00:00 148 0 0 0 64 
427 2011-05-12 22:01:00 162 0 0 0 88 
428 2011-05-12 22:02:00 134 0 0 0 58 
429 2011-05-12 22:03:00 120 0 0 0 72 
430 2011-05-12 22:04:00 82 0 0 0 56 
431 2011-05-12 22:05:00 144 2 0 0 52 
432 2011-05-12 22:06:00 122 2 0 0 78 
433 2011-05-12 22:07:00 132 2 0 0 52 
434 2011-05-12 22:08:00 140 2 0 0 44 
435 2011-05-12 22:09:00 130 0 0 0 48 
436 2011-05-12 22:10:00 116 0 0 0 48 
437 2011-05-12 22:11:00 112 0 0 0 56 
438 2011-05-12 22:12:00 132 0 0 0 58 
439 2011-05-12 22:13:00 129 0 0 0 58 
440 2011-05-12 22:14:00 140 0 0 0 46 
441 2011-05-12 22:15:00 118 0 0 0 60 
442 2011-05-12 22:16:00 108 2 0 0 52 
443 2011-05-12 22:17:00 150 0 0 0 54 
444 2011-05-12 22:18:00 136 0 0 0 48 
445 2011-05-12 22:19:00 110 2 0 0 50 
446 2011-05-12 22:20:00 114 2 0 0 36 
447 2011-05-12 22:21:00 96 0 0 0 40 
448 2011-05-12 22:22:00 116 2 0 0 54 
449 2011-05-12 22:23:00 82 2 0 0 34 
450 2011-05-12 22:24:00 146 0 0 0 62 
451 2011-05-12 22:25:00 126 0 0 0 56 
452 2011-05-12 22:26:00 102 2 0 0 66 
453 2011-05-12 22:27:00 116 0 0 0 46 
454 2011-05-12 22:28:00 116 0 0 0 58 
455 2011-05-12 22:29:00 118 2 0 0 58 
456 2011-05-12 22:30:00 144 2 0 0 86 
457 2011-05-12 22:31:00 112 0 0 0 40 
458 2011-05-12 22:32:00 130 2 0 0 40 
459 2011-05-12 22:33:00 116 2 0 0 48 
460 2011-05-12 22:34:00 92 0 0 0 44 
461 2011-05-12 22:35:00 104 0 0 0 50 
462 2011-05-12 22:36:00 80 0 0 0 62 
463 2011-05-12 22:37:00 118 0 0 0 52 
464 2011-05-12 22:38:00 118 0 0 0 52 
465 2011-05-12 22:39:00 102 0 0 0 22 
466 2011-05-12 22:40:00 140 0 0 0 42 
467 2011-05-12 22:41:00 88 0 0 0 54 
468 2011-05-12 22:42:00 128 4 0 0 40 
469 2011-05-12 22:43:00 116 0 0 0 54 
470 2011-05-12 22:44:00 88 0 0 0 34 
471 2011-05-12 22:45:00 138 0 0 0 66 
472 2011-05-12 22:46:00 114 0 0 0 32 
473 2011-05-12 22:47:00 104 0 0 0 52 
474 2011-05-12 22:48:00 98 2 0 0 52 
475 2011-05-12 22:49:00 108 2 0 0 46 
476 2011-05-12 22:50:00 126 0 0 0 66 
477 2011-05-12 22:51:00 96 0 0 0 66 
478 2011-05-12 22:52:00 96 0 0 0 48 
479 2011-05-12 22:53:00 102 0 0 0 38 
480 2011-05-12 22:54:00 102 0 0 0 34 
481 2011-05-12 22:55:00 108 2 0 0 56 
482 2011-05-12 22:56:00 116 0 0 0 42 
483 2011-05-12 22:57:00 110 2 0 0 52 
484 2011-05-12 22:58:00 92 0 0 0 52 
485 2011-05-12 22:59:00 116 0 0 0 66 
486 2011-05-12 23:00:00 122 0 0 0 50 
487 2011-05-12 23:01:00 90 0 0 0 40 
488 2011-05-12 23:02:00 122 0 0 0 78 
489 2011-05-12 23:03:00 120 0 0 0 50 
490 2011-05-12 23:04:00 120 2 0 0 54 
491 2011-05-12 23:05:00 138 0 0 0 68 
492 2011-05-12 23:06:00 88 0 0 0 44 
493 2011-05-12 23:07:00 110 0 0 0 48 
494 2011-05-12 23:08:00 116 0 0 0 44 
495 2011-05-12 23:09:00 102 0 0 0 48 
496 2011-05-12 23:10:00 104 2 0 0 46 
497 2011-05-12 23:11:00 126 0 0 0 60 
498 2011-05-12 23:12:00 108 0 0 0 38 
499 2011-05-12 23:13:00 90 0 0 0 52 
500 2011-05-12 23:14:00 98 0 0 0 28 
501 2011-05-12 23:15:00 98 0 0 0 36 
502 2011-05-12 23:16:00 80 2 0 0 48 
503 2011-05-12 23:17:00 102 0 0 0 44 
504 2011-05-12 23:18:00 104 0 0 0 40 
505 2011-05-12 23:19:00 114 0 0 0 42 
506 2011-05-12 23:20:00 90 0 0 0 38 
507 2011-05-12 23:21:00 112 0 0 0 50 
508 2011-05-12 23:22:00 124 0 0 0 56 
509 2011-05-12 23:23:00 90 2 0 0 28 
510 2011-05-12 23:24:00 100 0 0 0 36 
511 2011-05-12 23:25:00 124 0 0 0 76 
512 2011-05-12 23:26:00 92 2 0 0 38 
513 2011-05-12 23:27:00 82 0 0 0 48 
514 2011-05-12 23:28:00 98 0 0 0 34 
515 2011-05-12 23:29:00 78 6 0 0 26 
516 2011-05-12 23:30:00 126 0 0 0 38 
517 2011-05-12 23:31:00 120 0 0 0 38 
518 2011-05-12 23:32:00 90 0 0 0 40 
519 2011-05-12 23:33:00 84 0 0 0 38 
520 2011-05-12 23:34:00 84 2 0 0 40 
521 2011-05-12 23:35:00 78 0 0 0 38 
522 2011-05-12 23:36:00 102 2 0 0 48 
523 2011-05-12 23:37:00 100 0 0 0 54 
524 2011-05-12 23:38:00 60 0 0 0 32 
525 2011-05-12 23:39:00 76 0 0 0 38 
526 2011-05-12 23:40:00 96 0 0 0 38 
527 2011-05-12 23:41:00 116 0 0 0 38 
528 2011-05-12 23:42:00 102 0 0 0 60 
529 2011-05-12 23:43:00 90 0 0 0 52 
530 2011-05-12 23:44:00 102 2 0 0 34 
531 2011-05-12 23:45:00 132 0 0 0 62 
532 2011-05-12 23:46:00 84 0 0 0 38 
533 2011-05-12 23:47:00 88 0 0 0 50 
534 2011-05-12 23:48:00 100 0 0 0 60 
535 2011-05-12 23:49:00 102 0 0 0 42 
536 2011-05-12 23:50:00 92 0 0 0 50 
537 2011-05-12 23:51:00 110 0 0 0 52 
538 2011-05-12 23:52:00 84 2 0 0 30 
539 2011-05-12 23:53:00 100 0 0 0 46 
540 2011-05-12 23:54:00 132 2 0 0 60 
541 2011-05-12 23:55:00 86 2 0 0 50 
542 2011-05-12 23:56:00 98 0 0 0 48 
543 2011-05-12 23:57:00 80 0 0 0 42 
544 2011-05-12 23:58:00 96 0 0 0 32 
545 2011-05-12 23:59:00 96 0 0 0 44 
546 2011-05-13 00:00:00 110 0 0 0 60 
547 2011-05-13 00:01:00 104 0 0 0 58 
548 2011-05-13 00:02:00 108 0 0 0 42 
549 2011-05-13 00:03:00 128 2 0 0 48 
550 2011-05-13 00:04:00 110 2 0 0 54 
551 2011-05-13 00:05:00 94 0 0 0 38 
552 2011-05-13 00:06:00 148 0 0 0 46 
553 2011-05-13 00:07:00 84 2 0 0 44 
554 2011-05-13 00:08:00 106 0 0 0 38 
555 2011-05-13 00:09:00 84 0 0 0 30 
556 2011-05-13 00:10:00 114 0 0 0 56 
557 2011-05-13 00:11:00 96 0 0 0 54 
558 2011-05-13 00:12:00 74 0 0 0 52 
559 2011-05-13 00:13:00 96 0 0 0 36 
560 2011-05-13 00:14:00 92 0 0 0 36 
561 2011-05-13 00:15:00 132 0 0 0 64 
562 2011-05-13 00:16:00 112 0 0 0 58 
563 2011-05-13 00:17:00 114 2 0 0 36 
564 2011-05-13 00:18:00 110 0 0 0 42 
565 2011-05-13 00:19:00 80 0 0 0 54 
566 2011-05-13 00:20:00 98 0 0 0 74 
567 2011-05-13 00:21:00 124 0 0 0 48 
568 2011-05-13 00:22:00 76 0 0 0 26 
569 2011-05-13 00:23:00 72 2 0 0 30 
570 2011-05-13 00:24:00 76 0 0 0 44 
571 2011-05-13 00:25:00 84 0 0 0 32 
572 2011-05-13 00:26:00 110 0 0 0 60 
573 2011-05-13 00:27:00 120 0 0 0 46 
574 2011-05-13 00:28:00 120 0 0 0 56 
575 2011-05-13 00:29:00 102 2 0 0 42 
576 2011-05-13 00:30:00 122 0 0 0 62 
577 2011-05-13 00:31:00 96 0 0 0 50 
578 2011-05-13 00:32:00 95 0 0 0 42 
579 2011-05-13 00:33:00 122 0 0 0 60 
580 2011-05-13 00:34:00 100 2 0 0 42 
581 2011-05-13 00:35:00 104 0 0 0 34 
582 2011-05-13 00:36:00 108 2 0 0 60 
583 2011-05-13 00:37:00 84 0 0 0 34 
584 2011-05-13 00:38:00 92 0 0 0 36 
585 2011-05-13 00:39:00 94 0 0 0 42 
586 2011-05-13 00:40:00 92 0 0 0 52 
587 2011-05-13 00:41:00 96 0 0 0 48 
588 2011-05-13 00:42:00 74 2 0 0 26 
589 2011-05-13 00:43:00 94 0 0 0 32 
590 2011-05-13 00:44:00 106 0 0 0 44 
591 2011-05-13 00:45:00 98 0 0 0 48 
592 2011-05-13 00:46:00 102 0 0 0 38 
593 2011-05-13 00:47:00 104 0 0 0 40 
594 2011-05-13 00:48:00 110 0 0 0 42 
595 2011-05-13 00:49:00 104 0 0 0 44 
596 2011-05-13 00:50:00 106 0 0 0 66 
597 2011-05-13 00:51:00 110 0 0 0 60 
598 2011-05-13 00:52:00 110 0 0 0 50 
599 2011-05-13 00:53:00 100 2 0 0 44 
600 2011-05-13 00:54:00 64 2 0 0 36 
601 2011-05-13 00:55:00 86 0 0 0 34 
602 2011-05-13 00:56:00 100 0 0 0 40 
603 2011-05-13 00:57:00 90 0 0 0 38 
604 2011-05-13 00:58:00 90 2 0 0 34 
605 2011-05-13 00:59:00 84 0 0 0 36 
606 2011-05-13 01:00:00 112 0 0 0 48 
607 2011-05-13 01:01:00 102 0 0 0 42 
608 2011-05-13 01:02:00 86 0 0 0 48 
609 2011-05-13 01:03:00 102 0 0 0 56 
610 2011-05-13 01:04:00 130 0 0 0 54 
611 2011-05-13 01:05:00 130 0 0 0 40 
612 2011-05-13 01:06:00 100 0 0 0 52 
613 2011-05-13 01:07:00 96 2 0 0 36 
614 2011-05-13 01:08:00 102 0 0 0 58 
615 2011-05-13 01:09:00 108 0 0 0 50 
616 2011-05-13 01:10:00 114 0 0 0 28 
617 2011-05-13 01:11:00 90 0 0 0 36 
618 2011-05-13 01:12:00 80 0 0 0 26 
619 2011-05-13 01:13:00 116 2 0 0 48 
620 2011-05-13 01:14:00 76 0 0 0 60 
621 2011-05-13 01:15:00 116 0 0 0 36 
622 2011-05-13 01:16:00 114 0 0 0 36 
623 2011-05-13 01:17:00 84 2 0 0 28 
624 2011-05-13 01:18:00 88 0 0 0 46 
625 2011-05-13 01:19:00 94 0 0 0 34 
626 2011-05-13 01:20:00 94 0 0 0 58 
627 2011-05-13 01:21:00 126 0 0 0 48 
628 2011-05-13 01:22:00 92 2 0 0 40 
629 2011-05-13 01:23:00 112 0 0 0 40 
630 2011-05-13 01:24:00 106 0 0 0 46 
631 2011-05-13 01:25:00 88 0 0 0 44 
632 2011-05-13 01:26:00 90 0 0 0 36 
633 2011-05-13 01:27:00 96 0 0 0 38 
634 2011-05-13 01:28:00 98 0 0 0 36 
635 2011-05-13 01:29:00 70 2 0 0 34 
636 2011-05-13 01:30:00 114 0 0 0 46 
637 2011-05-13 01:31:00 176 0 0 0 88 
638 2011-05-13 01:32:00 149 2 0 0 67 
639 2011-05-13 01:33:00 138 0 0 0 64 
640 2011-05-13 01:34:00 112 0 0 0 52 
641 2011-05-13 01:35:00 138 2 0 0 78 
642 2011-05-13 01:36:00 118 0 0 0 50 
643 2011-05-13 01:37:00 160 0 0 0 74 
644 2011-05-13 01:38:00 118 0 0 0 58 
645 2011-05-13 01:39:00 116 0 0 0 30 
646 2011-05-13 01:40:00 118 0 0 0 50 
647 2011-05-13 01:41:00 92 0 0 0 40 
648 2011-05-13 01:42:00 102 0 0 0 42 
649 2011-05-13 01:43:00 154 0 0 0 48 
650 2011-05-13 01:44:00 116 4 0 0 50 
651 2011-05-13 01:45:00 118 0 0 0 38 
652 2011-05-13 01:46:00 106 0 0 0 54 
653 2011-05-13 01:47:00 90 0 0 0 60 
654 2011-05-13 01:48:00 110 0 0 0 44 
655 2011-05-13 01:49:00 108 2 0 0 50 
656 2011-05-13 01:50:00 126 0 0 0 56 
657 2011-05-13 01:51:00 84 0 0 0 48 
658 2011-05-13 01:52:00 152 0 0 0 84 
659 2011-05-13 01:53:00 86 2 0 0 58 
660 2011-05-13 01:54:00 102 0 0 0 52 
661 2011-05-13 01:55:00 146 0 0 0 40 
662 2011-05-13 01:56:00 134 4 0 0 72 
663 2011-05-13 01:57:00 134 2 0 0 78 
664 2011-05-13 01:58:00 106 0 0 0 42 
665 2011-05-13 01:59:00 172 0 0 0 78 
666 2011-05-13 02:00:00 227 2 0 0 172 
667 2011-05-13 02:01:00 274 2 0 0 134 
668 2011-05-13 02:02:00 236 0 0 0 102 
669 2011-05-13 02:03:00 234 0 0 0 146 
670 2011-05-13 02:04:00 174 0 0 0 86 
671 2011-05-13 02:05:00 232 0 0 0 122 
672 2011-05-13 02:06:00 210 2 0 0 96 
673 2011-05-13 02:07:00 236 0 0 0 118 
674 2011-05-13 02:08:00 168 0 0 0 100 
675 2011-05-13 02:09:00 242 0 0 0 104 
676 2011-05-13 02:10:00 172 0 0 0 74 
677 2011-05-13 02:11:00 182 0 0 0 110 
678 2011-05-13 02:12:00 226 0 0 0 108 
679 2011-05-13 02:13:00 250 0 0 0 134 
680 2011-05-13 02:14:00 232 0 0 0 152 
681 2011-05-13 02:15:00 224 0 0 0 72 
682 2011-05-13 02:16:00 224 0 0 0 116 
683 2011-05-13 02:17:00 184 0 0 0 78 
684 2011-05-13 02:18:00 108 2 0 0 52 
685 2011-05-13 02:19:00 94 2 0 0 38 
686 2011-05-13 02:20:00 78 2 0 0 40 
687 2011-05-13 02:21:00 80 0 0 0 30 
688 2011-05-13 02:22:00 108 0 0 0 54 
689 2011-05-13 02:23:00 94 0 0 0 30 
690 2011-05-13 02:24:00 116 0 0 0 52 
691 2011-05-13 02:25:00 92 0 0 0 36 
692 2011-05-13 02:26:00 96 0 0 0 42 
693 2011-05-13 02:27:00 90 2 0 0 48 
694 2011-05-13 02:28:00 92 0 0 0 38 
695 2011-05-13 02:29:00 120 0 0 0 48 
696 2011-05-13 02:30:00 92 0 0 0 58 
697 2011-05-13 02:31:00 72 2 0 0 22 
698 2011-05-13 02:32:00 82 0 0 0 51 
699 2011-05-13 02:33:00 108 0 0 0 56 
700 2011-05-13 02:34:00 104 0 0 0 48 
701 2011-05-13 02:35:00 96 0 0 0 38 
702 2011-05-13 02:36:00 98 2 0 0 40 
703 2011-05-13 02:37:00 102 0 0 0 54 
704 2011-05-13 02:38:00 82 2 0 0 48 
705 2011-05-13 02:39:00 116 0 0 0 68 
706 2011-05-13 02:40:00 118 0 0 0 64 
707 2011-05-13 02:41:00 96 0 0 0 68 
708 2011-05-13 02:42:00 88 0 0 0 50 
709 2011-05-13 02:43:00 110 2 0 0 32 
710 2011-05-13 02:44:00 102 0 0 0 32 
711 2011-05-13 02:45:00 118 0 0 0 64 
712 2011-05-13 02:46:00 128 0 0 0 70 
713 2011-05-13 02:47:00 140 0 0 0 64 
714 2011-05-13 02:48:00 152 0 0 0 52 
715 2011-05-13 02:49:00 96 0 0 0 46 
716 2011-05-13 02:50:00 106 0 0 0 62 
717 2011-05-13 02:51:00 104 0 0 0 52 
718 2011-05-13 02:52:00 120 0 0 0 38 
719 2011-05-13 02:53:00 128 2 0 0 68 
720 2011-05-13 02:54:00 128 0 0 0 54 
721 2011-05-13 02:55:00 118 2 0 0 68 
722 2011-05-13 02:56:00 130 0 0 0 58 
723 2011-05-13 02:57:00 114 0 0 0 76 
724 2011-05-13 02:58:00 114 0 0 0 40 
725 2011-05-13 02:59:00 280 0 0 0 174 
726 2011-05-13 03:00:00 462 0 0 0 286 
727 2011-05-13 03:01:00 382 0 0 0 216 
728 2011-05-13 03:02:00 726 4 0 0 496 
729 2011-05-13 03:03:00 1546 2 0 0 1310 
730 2011-05-13 03:04:00 1514 0 0 0 958 
731 2011-05-13 03:05:00 628 0 0 0 342 
732 2011-05-13 03:06:00 340 0 0 0 194 
733 2011-05-13 03:07:00 240 0 0 0 126 
734 2011-05-13 03:08:00 124 0 0 0 62 
735 2011-05-13 03:09:00 176 0 0 0 96 
736 2011-05-13 03:10:00 136 0 0 0 68 
737 2011-05-13 03:11:00 238 0 0 0 108 
738 2011-05-13 03:12:00 152 0 0 0 90 
739 2011-05-13 03:13:00 134 0 0 0 54 
740 2011-05-13 03:14:00 186 0 0 0 106 
741 2011-05-13 03:15:00 200 0 0 0 86 
742 2011-05-13 03:16:00 128 0 0 0 58 
743 2011-05-13 03:17:00 92 0 0 0 20 
744 2011-05-13 03:18:00 78 0 0 0 22 
745 2011-05-13 03:19:00 106 2 0 0 30 
746 2011-05-13 03:20:00 122 0 0 0 42 
747 2011-05-13 03:21:00 116 0 0 0 60 
748 2011-05-13 03:22:00 102 0 0 0 32 
749 2011-05-13 03:23:00 96 0 0 0 52 
750 2011-05-13 03:24:00 102 2 0 0 38 
751 2011-05-13 03:25:00 92 0 0 0 40 
752 2011-05-13 03:26:00 86 0 0 0 42 
753 2011-05-13 03:27:00 108 0 0 0 42 
754 2011-05-13 03:28:00 90 0 0 0 16 
755 2011-05-13 03:29:00 98 0 0 0 44 
756 2011-05-13 03:30:00 116 0 0 0 40 
757 2011-05-13 03:31:00 78 2 0 0 32 
758 2011-05-13 03:32:00 101 0 0 0 53 
759 2011-05-13 03:33:00 118 0 0 0 60 
760 2011-05-13 03:34:00 98 0 0 0 52 
761 2011-05-13 03:35:00 98 0 0 0 44 
762 2011-05-13 03:36:00 86 2 0 0 44 
763 2011-05-13 03:37:00 90 0 0 0 48 
764 2011-05-13 03:38:00 76 2 0 0 34 
765 2011-05-13 03:39:00 86 4 0 0 54 
766 2011-05-13 03:40:00 114 0 0 0 52 
767 2011-05-13 03:41:00 98 0 0 0 62 
768 2011-05-13 03:42:00 106 0 0 0 46 
769 2011-05-13 03:43:00 94 2 0 0 54 
770 2011-05-13 03:44:00 100 0 0 0 42 
771 2011-05-13 03:45:00 176 0 0 0 66 
772 2011-05-13 03:46:00 86 0 0 0 38 
773 2011-05-13 03:47:00 100 0 0 0 32 
774 2011-05-13 03:48:00 192 0 0 0 34 
775 2011-05-13 03:49:00 86 2 0 0 44 
776 2011-05-13 03:50:00 94 2 0 0 50 
777 2011-05-13 03:51:00 84 0 0 0 24 
778 2011-05-13 03:52:00 74 0 0 0 40 
779 2011-05-13 03:53:00 86 2 0 0 44 
780 2011-05-13 03:54:00 106 0 0 0 50 
781 2011-05-13 03:55:00 134 0 0 0 66 
782 2011-05-13 03:56:00 102 0 0 0 38 
783 2011-05-13 03:57:00 102 0 0 0 38 
784 2011-05-13 03:58:00 98 0 0 0 36 
785 2011-05-13 03:59:00 96 0 0 0 42 
786 2011-05-13 04:00:00 156 0 0 0 88 
787 2011-05-13 04:01:00 114 0 0 0 66 
788 2011-05-13 04:02:00 96 4 0 0 56 
789 2011-05-13 04:03:00 110 0 0 0 48 
790 2011-05-13 04:04:00 100 0 0 0 34 
791 2011-05-13 04:05:00 110 0 0 0 40 
792 2011-05-13 04:06:00 122 0 0 0 68 
793 2011-05-13 04:07:00 112 0 0 0 46 
794 2011-05-13 04:08:00 112 0 0 0 72 
795 2011-05-13 04:09:00 88 0 0 0 42 
796 2011-05-13 04:10:00 126 0 0 0 28 
797 2011-05-13 04:11:00 132 0 0 0 62 
798 2011-05-13 04:12:00 74 0 0 0 38 
799 2011-05-13 04:13:00 108 0 0 0 46 
800 2011-05-13 04:14:00 104 0 0 0 44 
801 2011-05-13 04:15:00 112 2 0 0 54 
802 2011-05-13 04:16:00 122 0 0 0 46 
803 2011-05-13 04:17:00 86 0 0 0 52 
804 2011-05-13 04:18:00 118 0 0 0 40 
805 2011-05-13 04:19:00 96 0 0 0 60 
806 2011-05-13 04:20:00 106 0 0 0 62 
807 2011-05-13 04:21:00 112 0 0 0 56 
808 2011-05-13 04:22:00 134 0 0 0 62 
809 2011-05-13 04:23:00 112 0 0 0 44 
810 2011-05-13 04:24:00 116 2 0 0 54 
811 2011-05-13 04:25:00 116 0 0 0 46 
812 2011-05-13 04:26:00 114 0 0 0 70 
813 2011-05-13 04:27:00 142 0 0 0 58 
814 2011-05-13 04:28:00 134 0 0 0 58 
815 2011-05-13 04:29:00 154 0 0 0 72 
816 2011-05-13 04:30:00 144 0 0 0 64 
817 2011-05-13 04:31:00 150 2 0 0 82 
818 2011-05-13 04:32:00 152 0 0 0 66 
819 2011-05-13 04:33:00 122 0 0 0 62 
820 2011-05-13 04:34:00 116 4 0 0 48 
821 2011-05-13 04:35:00 110 0 0 0 58 
822 2011-05-13 04:36:00 110 0 0 0 46 
823 2011-05-13 04:37:00 140 0 0 0 60 
824 2011-05-13 04:38:00 118 0 0 0 46 
825 2011-05-13 04:39:00 116 0 0 0 56 
826 2011-05-13 04:40:00 116 2 0 0 64 
827 2011-05-13 04:41:00 124 0 0 0 46 
828 2011-05-13 04:42:00 178 0 0 0 66 
829 2011-05-13 04:43:00 122 0 0 0 64 
830 2011-05-13 04:44:00 120 0 0 0 66 
831 2011-05-13 04:45:00 106 0 0 0 42 
832 2011-05-13 04:46:00 118 2 0 0 46 
833 2011-05-13 04:47:00 108 0 0 0 44 
834 2011-05-13 04:48:00 112 0 0 0 44 
835 2011-05-13 04:49:00 128 0 0 0 62 
836 2011-05-13 04:50:00 148 0 0 4 38 
837 2011-05-13 04:51:00 130 0 0 0 48 
838 2011-05-13 04:52:00 122 2 0 0 60 
839 2011-05-13 04:53:00 124 2 0 0 58 
840 2011-05-13 04:54:00 128 0 0 0 64 
841 2011-05-13 04:55:00 146 0 0 0 66 
842 2011-05-13 04:56:00 110 0 0 0 34 
843 2011-05-13 04:57:00 118 0 0 0 42 
844 2011-05-13 04:58:00 152 2 0 0 62 
845 2011-05-13 04:59:00 108 0 0 0 40 
846 2011-05-13 05:00:00 154 2 0 0 108 
847 2011-05-13 05:01:00 150 2 0 0 60 
848 2011-05-13 05:02:00 132 0 0 0 54 
849 2011-05-13 05:03:00 154 2 0 0 72 
850 2011-05-13 05:04:00 156 0 0 0 78 
851 2011-05-13 05:05:00 148 0 0 0 98 
852 2011-05-13 05:06:00 150 0 0 0 46 
853 2011-05-13 05:07:00 148 2 0 0 52 
854 2011-05-13 05:08:00 134 0 0 0 54 
855 2011-05-13 05:09:00 146 0 0 0 68 
856 2011-05-13 05:10:00 126 0 0 0 66 
857 2011-05-13 05:11:00 146 2 0 0 72 
858 2011-05-13 05:12:00 134 0 0 0 48 
859 2011-05-13 05:13:00 134 0 0 0 70 
860 2011-05-13 05:14:00 122 2 0 0 72 
861 2011-05-13 05:15:00 172 0 0 0 70 
862 2011-05-13 05:16:00 118 0 0 0 58 
863 2011-05-13 05:17:00 174 0 0 0 74 
864 2011-05-13 05:18:00 144 2 0 0 48 
865 2011-05-13 05:19:00 134 0 0 0 58 
866 2011-05-13 05:20:00 146 4 0 0 48 
867 2011-05-13 05:21:00 148 0 0 0 60 
868 2011-05-13 05:22:00 160 2 0 0 82 
869 2011-05-13 05:23:00 160 0 0 0 56 
870 2011-05-13 05:24:00 128 0 0 0 58 
871 2011-05-13 05:25:00 166 0 0 0 68 
872 2011-05-13 05:26:00 146 0 0 0 76 
873 2011-05-13 05:27:00 134 2 0 0 62 
874 2011-05-13 05:28:00 146 0 0 0 70 
875 2011-05-13 05:29:00 138 0 0 0 62 
876 2011-05-13 05:30:00 162 0 0 0 76 
877 2011-05-13 05:31:00 136 0 0 0 64 
878 2011-05-13 05:32:00 134 0 0 0 67 
879 2011-05-13 05:33:00 124 0 0 0 32 
880 2011-05-13 05:34:00 150 2 0 0 60 
881 2011-05-13 05:35:00 162 0 0 0 62 
882 2011-05-13 05:36:00 176 0 0 0 90 
883 2011-05-13 05:37:00 142 0 0 0 60 
884 2011-05-13 05:38:00 160 0 0 0 80 
885 2011-05-13 05:39:00 110 0 0 0 60 
886 2011-05-13 05:40:00 156 4 0 0 70 
887 2011-05-13 05:41:00 172 4 0 0 88 
888 2011-05-13 05:42:00 198 2 0 0 80 
889 2011-05-13 05:43:00 138 0 0 0 78 
890 2011-05-13 05:44:00 142 0 0 0 74 
891 2011-05-13 05:45:00 146 2 0 0 76 
892 2011-05-13 05:46:00 154 0 0 0 82 
893 2011-05-13 05:47:00 166 0 0 0 64 
894 2011-05-13 05:48:00 170 0 0 0 82 
895 2011-05-13 05:49:00 140 0 0 0 64 
896 2011-05-13 05:50:00 142 2 0 0 90 
897 2011-05-13 05:51:00 192 0 0 0 60 
898 2011-05-13 05:52:00 148 0 0 0 50 
899 2011-05-13 05:53:00 158 0 0 0 56 
900 2011-05-13 05:54:00 132 0 0 0 70 
901 2011-05-13 05:55:00 132 0 0 0 74 
902 2011-05-13 05:56:00 148 0 0 0 60 
903 2011-05-13 05:57:00 154 0 0 0 64 
904 2011-05-13 05:58:00 190 0 0 0 76 
905 2011-05-13 05:59:00 168 2 0 0 74 
906 2011-05-13 06:00:00 181 0 0 0 82 
907 2011-05-13 06:01:00 148 2 0 0 68 
908 2011-05-13 06:02:00 175 0 0 0 83 
909 2011-05-13 06:03:00 170 0 0 0 66 
910 2011-05-13 06:04:00 160 0 0 0 54 
911 2011-05-13 06:05:00 160 4 0 0 62 
912 2011-05-13 06:06:00 162 0 0 0 72 
913 2011-05-13 06:07:00 134 0 0 0 64 
914 2011-05-13 06:08:00 226 0 0 0 78 
915 2011-05-13 06:09:00 184 0 0 0 84 
916 2011-05-13 06:10:00 178 0 0 0 50 
917 2011-05-13 06:11:00 188 0 0 0 100 
918 2011-05-13 06:12:00 160 0 0 0 46 
919 2011-05-13 06:13:00 186 2 0 0 82 
920 2011-05-13 06:14:00 160 0 0 0 64 
921 2011-05-13 06:15:00 158 0 0 0 76 
922 2011-05-13 06:16:00 172 0 0 0 104 
923 2011-05-13 06:17:00 186 0 0 0 78 
924 2011-05-13 06:18:00 170 0 0 0 72 
925 2011-05-13 06:19:00 156 0 0 0 90 
926 2011-05-13 06:20:00 194 0 0 0 84 
927 2011-05-13 06:21:00 198 2 0 0 94 
928 2011-05-13 06:22:00 168 0 0 0 90 
929 2011-05-13 06:23:00 150 0 0 0 62 
930 2011-05-13 06:24:00 162 4 0 0 68 
931 2011-05-13 06:25:00 220 0 0 0 92 
932 2011-05-13 06:26:00 142 0 0 0 74 
933 2011-05-13 06:27:00 204 0 0 0 70 
934 2011-05-13 06:28:00 156 0 0 0 78 
935 2011-05-13 06:29:00 168 0 0 0 70 
936 2011-05-13 06:30:00 176 2 0 0 66 
937 2011-05-13 06:31:00 188 0 0 0 88 
938 2011-05-13 06:32:00 205 0 0 0 85 
939 2011-05-13 06:33:00 162 0 0 0 74 
940 2011-05-13 06:34:00 176 0 0 0 84 
941 2011-05-13 06:35:00 182 0 0 0 94 
942 2011-05-13 06:36:00 146 2 0 0 70 
943 2011-05-13 06:37:00 162 2 0 0 80 
944 2011-05-13 06:38:00 144 0 0 0 70 
945 2011-05-13 06:39:00 156 0 0 0 64 
946 2011-05-13 06:40:00 174 0 0 0 68 
947 2011-05-13 06:41:00 156 4 0 0 84 
948 2011-05-13 06:42:00 192 0 0 0 74 
949 2011-05-13 06:43:00 150 0 0 0 90 
950 2011-05-13 06:44:00 184 0 0 0 70 
951 2011-05-13 06:45:00 176 0 0 0 54 
952 2011-05-13 06:46:00 152 2 0 0 82 
953 2011-05-13 06:47:00 162 0 0 0 64 
954 2011-05-13 06:48:00 170 0 0 0 60 
955 2011-05-13 06:49:00 202 0 0 0 110 
956 2011-05-13 06:50:00 186 0 0 0 84 
957 2011-05-13 06:51:00 198 2 0 0 96 
958 2011-05-13 06:52:00 180 0 0 0 82 
959 2011-05-13 06:53:00 144 8 0 0 80 
960 2011-05-13 06:54:00 128 0 0 0 62 
961 2011-05-13 06:55:00 144 0 0 0 66 
962 2011-05-13 06:56:00 184 0 0 0 56 
963 2011-05-13 06:57:00 154 0 0 0 62 
964 2011-05-13 06:58:00 136 0 0 0 68 
965 2011-05-13 06:59:00 142 0 0 0 74 
966 2011-05-13 07:00:00 212 0 0 0 86 
967 2011-05-13 07:01:00 196 0 0 0 82 
968 2011-05-13 07:02:00 196 2 0 0 92 
969 2011-05-13 07:03:00 240 0 0 0 104 
970 2011-05-13 07:04:00 234 0 0 0 76 
971 2011-05-13 07:05:00 170 0 0 0 98 
972 2011-05-13 07:06:00 158 2 0 0 72 
973 2011-05-13 07:07:00 218 0 0 0 86 
974 2011-05-13 07:08:00 158 0 0 0 84 
975 2011-05-13 07:09:00 158 0 0 0 74 
976 2011-05-13 07:10:00 162 0 0 0 64 
977 2011-05-13 07:11:00 162 4 0 0 88 
978 2011-05-13 07:12:00 146 2 0 0 70 
979 2011-05-13 07:13:00 202 2 0 0 100 
980 2011-05-13 07:14:00 178 0 0 0 84 
981 2011-05-13 07:15:00 178 0 0 0 92 
982 2011-05-13 07:16:00 156 0 0 0 64 
983 2011-05-13 07:17:00 170 0 0 0 106 
984 2011-05-13 07:18:00 206 0 0 0 88 
985 2011-05-13 07:19:00 198 0 0 0 86 
986 2011-05-13 07:20:00 190 0 0 0 94 
987 2011-05-13 07:21:00 194 0 0 0 108 
988 2011-05-13 07:22:00 202 0 0 0 94 
989 2011-05-13 07:23:00 184 2 0 0 76 
990 2011-05-13 07:24:00 208 0 0 0 98 
991 2011-05-13 07:25:00 196 0 0 0 92 
992 2011-05-13 07:26:00 218 0 0 0 106 
993 2011-05-13 07:27:00 198 0 0 0 104 
994 2011-05-13 07:28:00 186 0 0 0 82 
995 2011-05-13 07:29:00 184 4 0 0 84 
996 2011-05-13 07:30:00 198 0 0 0 116 
997 2011-05-13 07:31:00 184 2 0 0 86 
998 2011-05-13 07:32:00 198 2 0 0 94 
999 2011-05-13 07:33:00 168 0 0 0 60 
1000 2011-05-13 07:34:00 160 0 0 0 108 
1001 2011-05-13 07:35:00 146 0 0 0 68 
1002 2011-05-13 07:36:00 154 0 0 0 92 
1003 2011-05-13 07:37:00 140 0 0 0 70 
1004 2011-05-13 07:38:00 178 0 0 0 90 
1005 2011-05-13 07:39:00 192 0 0 0 78 
1006 2011-05-13 07:40:00 178 2 0 0 84 
1007 2011-05-13 07:41:00 190 0 0 0 86 
1008 2011-05-13 07:42:00 174 0 0 0 84 
1009 2011-05-13 07:43:00 142 0 0 0 70 
1010 2011-05-13 07:44:00 158 0 0 0 76 
1011 2011-05-13 07:45:00 192 0 0 0 86 
1012 2011-05-13 07:46:00 174 2 0 0 74 
1013 2011-05-13 07:47:00 186 0 0 0 62 
1014 2011-05-13 07:48:00 168 0 0 0 80 
1015 2011-05-13 07:49:00 196 0 0 0 90 
1016 2011-05-13 07:50:00 162 2 0 0 84 
1017 2011-05-13 07:51:00 196 0 0 0 62 
1018 2011-05-13 07:52:00 170 0 0 0 72 
1019 2011-05-13 07:53:00 180 0 0 0 76 
1020 2011-05-13 07:54:00 174 0 0 0 82 
1021 2011-05-13 07:55:00 192 4 0 0 80 
1022 2011-05-13 07:56:00 152 4 0 0 68 
1023 2011-05-13 07:57:00 190 0 0 0 64 
1024 2011-05-13 07:58:00 170 0 0 0 68 
1025 2011-05-13 07:59:00 160 0 0 0 90 
1026 2011-05-13 08:00:00 140 0 0 0 84 
1027 2011-05-13 08:01:00 208 2 0 0 72 
1028 2011-05-13 08:02:00 298 0 0 0 164 
1029 2011-05-13 08:03:00 214 0 0 0 102 
1030 2011-05-13 08:04:00 172 0 0 0 96 
1031 2011-05-13 08:05:00 180 0 0 0 74 
1032 2011-05-13 08:06:00 159 0 0 0 75 
1033 2011-05-13 08:07:00 172 2 0 0 76 
1034 2011-05-13 08:08:00 178 2 0 0 90 
1035 2011-05-13 08:09:00 174 0 0 0 102 
1036 2011-05-13 08:10:00 204 0 0 0 96 
1037 2011-05-13 08:11:00 176 2 0 0 86 
1038 2011-05-13 08:12:00 150 0 0 0 76 
1039 2011-05-13 08:13:00 196 2 0 0 62 
1040 2011-05-13 08:14:00 204 0 0 0 98 
1041 2011-05-13 08:15:00 204 2 0 0 98 
1042 2011-05-13 08:16:00 198 0 0 0 98 
1043 2011-05-13 08:17:00 200 0 0 0 80 
1044 2011-05-13 08:18:00 196 2 0 0 74 
1045 2011-05-13 08:19:00 164 0 0 0 76 
1046 2011-05-13 08:20:00 204 2 0 0 102 
1047 2011-05-13 08:21:00 198 0 0 0 114 
1048 2011-05-13 08:22:00 180 0 0 0 66 
1049 2011-05-13 08:23:00 204 2 0 0 102 
1050 2011-05-13 08:24:00 224 0 0 0 102 
1051 2011-05-13 08:25:00 150 0 0 0 78 
1052 2011-05-13 08:26:00 188 0 0 0 78 
1053 2011-05-13 08:27:00 206 0 0 0 90 
1054 2011-05-13 08:28:00 180 0 0 0 84 
1055 2011-05-13 08:29:00 194 0 0 0 92 
1056 2011-05-13 08:30:00 214 0 0 0 74 
1057 2011-05-13 08:31:00 190 0 0 0 92 
1058 2011-05-13 08:32:00 162 0 0 0 51 
1059 2011-05-13 08:33:00 168 0 0 0 74 
1060 2011-05-13 08:34:00 154 0 0 0 68 
1061 2011-05-13 08:35:00 166 0 0 0 74 
1062 2011-05-13 08:36:00 182 0 0 0 96 
1063 2011-05-13 08:37:00 154 0 0 0 68 
1064 2011-05-13 08:38:00 130 0 0 0 74 
1065 2011-05-13 08:39:00 254 0 0 0 130 
1066 2011-05-13 08:40:00 196 2 0 0 80 
1067 2011-05-13 08:41:00 182 2 0 0 106 
1068 2011-05-13 08:42:00 198 0 0 0 104 
1069 2011-05-13 08:43:00 168 0 0 0 62 
1070 2011-05-13 08:44:00 154 0 0 0 76 
1071 2011-05-13 08:45:00 220 0 0 0 118 
1072 2011-05-13 08:46:00 242 2 0 0 116 
1073 2011-05-13 08:47:00 236 0 0 0 116 
1074 2011-05-13 08:48:00 160 0 0 0 92 
1075 2011-05-13 08:49:00 192 0 0 0 118 
1076 2011-05-13 08:50:00 202 0 0 0 96 
1077 2011-05-13 08:51:00 212 0 0 0 108 
1078 2011-05-13 08:52:00 198 2 0 2 102 
1079 2011-05-13 08:53:00 184 0 0 0 106 
1080 2011-05-13 08:54:00 176 0 0 0 108 
1081 2011-05-13 08:55:00 216 2 0 0 72 
1082 2011-05-13 08:56:00 214 0 0 0 106 
1083 2011-05-13 08:57:00 180 0 0 0 76 
1084 2011-05-13 08:58:00 170 0 0 0 100 
1085 2011-05-13 08:59:00 194 0 0 0 92 
1086 2011-05-13 09:00:00 186 0 0 0 90 
1087 2011-05-13 09:01:00 228 0 0 0 102 
1088 2011-05-13 09:02:00 304 0 0 0 120 
1089 2011-05-13 09:03:00 210 0 0 0 82 
1090 2011-05-13 09:04:00 194 0 0 0 78 
1091 2011-05-13 09:05:00 210 0 0 0 80 
1092 2011-05-13 09:06:00 228 0 0 0 124 
1093 2011-05-13 09:07:00 198 0 0 0 86 
1094 2011-05-13 09:08:00 214 0 0 0 92 
1095 2011-05-13 09:09:00 248 0 0 0 80 
1096 2011-05-13 09:10:00 198 0 0 0 80 
1097 2011-05-13 09:11:00 172 0 0 0 84 
1098 2011-05-13 09:12:00 210 0 0 0 102 
1099 2011-05-13 09:13:00 188 0 0 0 68 
1100 2011-05-13 09:14:00 182 0 0 0 82 
1101 2011-05-13 09:15:00 200 0 0 0 68 
1102 2011-05-13 09:16:00 188 2 0 0 108 
1103 2011-05-13 09:17:00 206 0 0 0 130 
1104 2011-05-13 09:18:00 184 2 0 0 80 
1105 2011-05-13 09:19:00 208 0 0 0 98 
1106 2011-05-13 09:20:00 198 0 0 0 108 
1107 2011-05-13 09:21:00 222 0 0 0 108 
1108 2011-05-13 09:22:00 198 0 0 0 110 
1109 2011-05-13 09:23:00 224 0 0 0 102 
1110 2011-05-13 09:24:00 222 2 0 0 102 
1111 2011-05-13 09:25:00 172 0 0 0 108 
1112 2011-05-13 09:26:00 184 0 0 0 96 
1113 2011-05-13 09:27:00 254 0 0 0 118 
1114 2011-05-13 09:28:00 170 2 0 0 64 
1115 2011-05-13 09:29:00 230 2 0 0 102 
1116 2011-05-13 09:30:00 200 2 0 0 82 
1117 2011-05-13 09:31:00 208 0 0 0 88 
1118 2011-05-13 09:32:00 188 0 0 0 100 
1119 2011-05-13 09:33:00 214 2 0 0 100 
1120 2011-05-13 09:34:00 194 0 0 0 80 
1121 2011-05-13 09:35:00 198 2 0 0 78 
1122 2011-05-13 09:36:00 188 0 0 0 114 
1123 2011-05-13 09:37:00 254 0 0 0 92 
1124 2011-05-13 09:38:00 200 0 0 0 86 
1125 2011-05-13 09:39:00 206 0 0 0 118 
1126 2011-05-13 09:40:00 252 0 0 0 98 
1127 2011-05-13 09:41:00 226 0 0 0 100 
1128 2011-05-13 09:42:00 188 2 0 0 96 
1129 2011-05-13 09:43:00 198 0 0 0 104 
1130 2011-05-13 09:44:00 192 2 0 0 72 
1131 2011-05-13 09:45:00 272 0 0 0 118 
1132 2011-05-13 09:46:00 232 0 0 0 88 
1133 2011-05-13 09:47:00 240 0 0 0 98 
1134 2011-05-13 09:48:00 154 0 0 0 90 
1135 2011-05-13 09:49:00 222 0 0 0 88 
1136 2011-05-13 09:50:00 198 0 0 0 94 
1137 2011-05-13 09:51:00 176 0 0 0 98 
1138 2011-05-13 09:52:00 196 0 0 0 94 
1139 2011-05-13 09:53:00 164 0 0 0 56 
1140 2011-05-13 09:54:00 204 0 0 0 102 
1141 2011-05-13 09:55:00 220 0 0 0 106 
1142 2011-05-13 09:56:00 186 2 0 0 78 
1143 2011-05-13 09:57:00 200 0 0 0 112 
1144 2011-05-13 09:58:00 210 0 0 0 94 
1145 2011-05-13 09:59:00 167 0 0 0 89 
1146 2011-05-13 10:00:00 193 0 0 0 101 
1147 2011-05-13 10:01:00 184 0 0 0 82 
1148 2011-05-13 10:02:00 192 2 0 0 86 
1149 2011-05-13 10:03:00 188 0 0 0 90 
1150 2011-05-13 10:04:00 186 2 0 0 78 
1151 2011-05-13 10:05:00 212 0 0 0 94 
1152 2011-05-13 10:06:00 216 0 0 0 108 
1153 2011-05-13 10:07:00 200 0 0 0 80 
1154 2011-05-13 10:08:00 202 0 0 0 104 
1155 2011-05-13 10:09:00 244 0 0 0 124 
1156 2011-05-13 10:10:00 228 2 0 0 84 
1157 2011-05-13 10:11:00 224 0 0 0 96 
1158 2011-05-13 10:12:00 218 0 0 0 92 
1159 2011-05-13 10:13:00 214 0 0 0 86 
1160 2011-05-13 10:14:00 202 0 0 0 110 
1161 2011-05-13 10:15:00 200 2 0 0 80 
1162 2011-05-13 10:16:00 212 0 0 0 116 
1163 2011-05-13 10:17:00 230 2 0 0 90 
1164 2011-05-13 10:18:00 212 0 0 0 80 
1165 2011-05-13 10:19:00 244 0 0 0 92 
1166 2011-05-13 10:20:00 204 2 0 0 82 
1167 2011-05-13 10:21:00 218 0 0 0 110 
1168 2011-05-13 10:22:00 200 0 0 0 86 
1169 2011-05-13 10:23:00 206 0 0 0 74 
1170 2011-05-13 10:24:00 200 0 0 0 94 
1171 2011-05-13 10:25:00 236 0 0 0 100 
1172 2011-05-13 10:26:00 215 0 0 0 98 
1173 2011-05-13 10:27:00 212 2 0 0 120 
1174 2011-05-13 10:28:00 168 0 0 0 76 
1175 2011-05-13 10:29:00 194 2 0 0 64 
1176 2011-05-13 10:30:00 218 0 0 0 108 
1177 2011-05-13 10:31:00 214 0 0 0 84 
1178 2011-05-13 10:32:00 223 1 0 0 102 
1179 2011-05-13 10:33:00 170 0 0 0 92 
1180 2011-05-13 10:34:00 196 2 0 0 92 
1181 2011-05-13 10:35:00 224 0 0 0 76 
1182 2011-05-13 10:36:00 216 0 0 0 94 
1183 2011-05-13 10:37:00 240 0 0 0 94 
1184 2011-05-13 10:38:00 210 0 0 0 108 
1185 2011-05-13 10:39:00 184 0 0 0 104 
1186 2011-05-13 10:40:00 178 0 0 0 120 
1187 2011-05-13 10:41:00 222 0 0 0 88 
1188 2011-05-13 10:42:00 188 2 0 0 84 
1189 2011-05-13 10:43:00 220 0 0 0 96 
1190 2011-05-13 10:44:00 182 0 0 0 82 
1191 2011-05-13 10:45:00 206 2 0 0 82 
1192 2011-05-13 10:46:00 184 4 0 0 98 
1193 2011-05-13 10:47:00 218 0 0 0 90 
1194 2011-05-13 10:48:00 210 0 0 0 82 
1195 2011-05-13 10:49:00 174 4 0 0 92 
1196 2011-05-13 10:50:00 234 0 0 0 112 
1197 2011-05-13 10:51:00 216 2 0 0 84 
1198 2011-05-13 10:52:00 186 0 0 0 86 
1199 2011-05-13 10:53:00 224 0 0 0 106 
1200 2011-05-13 10:54:00 222 0 0 0 104 
1201 2011-05-13 10:55:00 178 0 0 0 98 
1202 2011-05-13 10:56:00 200 0 0 0 114 
1203 2011-05-13 10:57:00 238 0 0 0 86 
1204 2011-05-13 10:58:00 242 2 0 0 104 
1205 2011-05-13 10:59:00 204 2 0 0 94 
1206 2011-05-13 11:00:00 214 0 0 0 94 
1207 2011-05-13 11:01:00 230 2 0 0 118 
1208 2011-05-13 11:02:00 278 0 0 0 130 
1209 2011-05-13 11:03:00 222 2 0 0 104 
1210 2011-05-13 11:04:00 204 0 0 0 100 
1211 2011-05-13 11:05:00 224 0 0 0 92 
1212 2011-05-13 11:06:00 260 0 0 0 108 
1213 2011-05-13 11:07:00 220 0 0 0 122 
1214 2011-05-13 11:08:00 188 0 0 0 78 
1215 2011-05-13 11:09:00 186 0 0 0 120 
1216 2011-05-13 11:10:00 208 0 0 0 96 
1217 2011-05-13 11:11:00 182 2 0 0 98 
1218 2011-05-13 11:12:00 174 0 0 0 92 
1219 2011-05-13 11:13:00 188 0 0 0 98 
1220 2011-05-13 11:14:00 208 0 0 0 112 
1221 2011-05-13 11:15:00 242 0 0 0 108 
1222 2011-05-13 11:16:00 220 0 0 0 100 
1223 2011-05-13 11:17:00 242 2 0 0 126 
1224 2011-05-13 11:18:00 194 0 0 0 80 
1225 2011-05-13 11:19:00 220 0 0 0 116 
1226 2011-05-13 11:20:00 212 0 0 0 84 
1227 2011-05-13 11:21:00 170 0 0 0 84 
1228 2011-05-13 11:22:00 198 2 0 0 74 
1229 2011-05-13 11:23:00 214 0 0 0 114 
1230 2011-05-13 11:24:00 164 0 0 0 96 
1231 2011-05-13 11:25:00 178 0 0 0 80 
1232 2011-05-13 11:26:00 152 0 0 0 74 
1233 2011-05-13 11:27:00 210 4 0 0 92 
1234 2011-05-13 11:28:00 214 0 0 0 110 
1235 2011-05-13 11:29:00 162 0 0 0 102 
1236 2011-05-13 11:30:00 264 0 0 0 122 
1237 2011-05-13 11:31:00 228 0 0 0 112 
1238 2011-05-13 11:32:00 177 0 0 0 63 
1239 2011-05-13 11:33:00 168 0 0 0 90 
1240 2011-05-13 11:34:00 140 0 0 0 80 
1241 2011-05-13 11:35:00 220 0 0 0 72 
1242 2011-05-13 11:36:00 184 0 0 0 76 
1243 2011-05-13 11:37:00 194 0 0 0 80 
1244 2011-05-13 11:38:00 208 0 0 0 78 
1245 2011-05-13 11:39:00 190 0 0 0 94 
1246 2011-05-13 11:40:00 220 0 0 0 110 
1247 2011-05-13 11:41:00 226 0 0 0 106 
1248 2011-05-13 11:42:00 196 0 0 0 86 
1249 2011-05-13 11:43:00 216 0 0 0 110 
1250 2011-05-13 11:44:00 242 0 0 0 108 
1251 2011-05-13 11:45:00 226 2 0 0 92 
1252 2011-05-13 11:46:00 206 0 0 0 102 
1253 2011-05-13 11:47:00 204 0 0 0 92 
1254 2011-05-13 11:48:00 210 0 0 0 72 
1255 2011-05-13 11:49:00 204 0 0 0 88 
1256 2011-05-13 11:50:00 240 0 0 0 106 
1257 2011-05-13 11:51:00 190 0 0 0 84 
1258 2011-05-13 11:52:00 170 0 0 0 94 
1259 2011-05-13 11:53:00 176 2 0 0 58 
1260 2011-05-13 11:54:00 212 2 0 0 90 
1261 2011-05-13 11:55:00 220 4 0 0 106 
1262 2011-05-13 11:56:00 196 0 0 0 82 
1263 2011-05-13 11:57:00 222 0 0 0 96 
1264 2011-05-13 11:58:00 186 0 0 0 116 
1265 2011-05-13 11:59:00 204 0 0 0 90 
1266 2011-05-13 12:00:00 212 2 0 0 80 
1267 2011-05-13 12:01:00 238 0 0 0 86 
1268 2011-05-13 12:02:00 208 2 0 0 92 
1269 2011-05-13 12:03:00 218 0 0 0 92 
1270 2011-05-13 12:04:00 172 0 0 0 90 
1271 2011-05-13 12:05:00 196 0 0 0 114 
1272 2011-05-13 12:06:00 212 6 0 0 78 
1273 2011-05-13 12:07:00 172 0 0 0 56 
1274 2011-05-13 12:08:00 182 0 0 0 90 
1275 2011-05-13 12:09:00 206 0 0 0 94 
1276 2011-05-13 12:10:00 212 0 0 0 110 
1277 2011-05-13 12:11:00 194 0 0 0 104 
1278 2011-05-13 12:12:00 202 0 0 0 90 
1279 2011-05-13 12:13:00 196 0 0 0 96 
1280 2011-05-13 12:14:00 166 0 0 0 94 
1281 2011-05-13 12:15:00 150 2 0 0 74 
1282 2011-05-13 12:16:00 164 0 0 0 80 
1283 2011-05-13 12:17:00 156 0 0 0 78 
1284 2011-05-13 12:18:00 186 0 0 0 98 
1285 2011-05-13 12:19:00 198 2 0 0 82 
1286 2011-05-13 12:20:00 194 0 0 0 110 
1287 2011-05-13 12:21:00 200 0 0 0 80 
1288 2011-05-13 12:22:00 176 0 0 0 92 
1289 2011-05-13 12:23:00 216 0 0 0 74 
1290 2011-05-13 12:24:00 186 0 0 0 102 
1291 2011-05-13 12:25:00 204 2 0 0 90 
1292 2011-05-13 12:26:00 200 0 0 0 108 
1293 2011-05-13 12:27:00 178 0 0 0 86 
1294 2011-05-13 12:28:00 206 0 0 0 90 
1295 2011-05-13 12:29:00 192 0 0 0 88 
1296 2011-05-13 12:30:00 192 0 0 0 104 
1297 2011-05-13 12:31:00 182 0 0 0 70 
1298 2011-05-13 12:32:00 179 4 0 0 101 
1299 2011-05-13 12:33:00 182 2 0 0 88 
1300 2011-05-13 12:34:00 200 0 0 0 100 
1301 2011-05-13 12:35:00 248 0 0 0 98 
1302 2011-05-13 12:36:00 190 0 0 0 108 
1303 2011-05-13 12:37:00 190 2 0 0 110 
1304 2011-05-13 12:38:00 184 2 0 0 106 
1305 2011-05-13 12:39:00 168 2 0 0 76 
1306 2011-05-13 12:40:00 188 0 0 0 68 
1307 2011-05-13 12:41:00 238 0 0 0 94 
1308 2011-05-13 12:42:00 174 0 0 0 76 
1309 2011-05-13 12:43:00 192 0 0 0 114 
1310 2011-05-13 12:44:00 214 2 0 0 94 
1311 2011-05-13 12:45:00 246 2 0 0 98 
1312 2011-05-13 12:46:00 176 2 0 0 78 
1313 2011-05-13 12:47:00 208 2 0 0 112 
1314 2011-05-13 12:48:00 192 0 0 0 92 
1315 2011-05-13 12:49:00 158 2 0 0 80 
1316 2011-05-13 12:50:00 228 0 0 0 72 
1317 2011-05-13 12:51:00 172 0 0 0 82 
1318 2011-05-13 12:52:00 188 2 0 0 102 
1319 2011-05-13 12:53:00 170 0 0 0 72 
1320 2011-05-13 12:54:00 162 2 0 0 80 
1321 2011-05-13 12:55:00 188 0 0 0 92 
1322 2011-05-13 12:56:00 218 0 0 0 100 
1323 2011-05-13 12:57:00 212 2 0 0 90 
1324 2011-05-13 12:58:00 204 0 0 0 96 
1325 2011-05-13 12:59:00 192 0 0 0 96 
1326 2011-05-13 13:00:00 240 0 0 0 86 
1327 2011-05-13 13:01:00 218 0 0 0 80 
1328 2011-05-13 13:02:00 210 2 0 0 112 
1329 2011-05-13 13:03:00 198 0 0 0 98 
1330 2011-05-13 13:04:00 188 0 0 0 86 
1331 2011-05-13 13:05:00 188 0 0 0 96 
1332 2011-05-13 13:06:00 194 2 0 0 80 
1333 2011-05-13 13:07:00 224 0 0 0 92 
1334 2011-05-13 13:08:00 204 0 0 0 88 
1335 2011-05-13 13:09:00 216 4 0 0 104 
1336 2011-05-13 13:10:00 188 0 0 0 122 
1337 2011-05-13 13:11:00 156 2 0 0 90 
1338 2011-05-13 13:12:00 172 0 0 0 80 
1339 2011-05-13 13:13:00 228 0 0 0 92 
1340 2011-05-13 13:14:00 162 2 0 0 84 
1341 2011-05-13 13:15:00 222 0 0 0 94 
1342 2011-05-13 13:16:00 178 0 0 0 82 
1343 2011-05-13 13:17:00 206 0 0 0 90 
1344 2011-05-13 13:18:00 204 0 0 0 104 
1345 2011-05-13 13:19:00 148 0 0 0 90 
1346 2011-05-13 13:20:00 202 0 0 0 108 
1347 2011-05-13 13:21:00 208 0 0 0 92 
1348 2011-05-13 13:22:00 168 0 0 0 80 
1349 2011-05-13 13:23:00 198 0 0 0 76 
1350 2011-05-13 13:24:00 164 2 0 0 72 
1351 2011-05-13 13:25:00 182 0 0 0 82 
1352 2011-05-13 13:26:00 218 0 0 0 98 
1353 2011-05-13 13:27:00 172 0 0 0 64 
1354 2011-05-13 13:28:00 134 0 0 0 70 
1355 2011-05-13 13:29:00 158 0 0 0 86 
1356 2011-05-13 13:30:00 206 0 0 0 98 
1357 2011-05-13 13:31:00 176 0 0 0 76 
1358 2011-05-13 13:32:00 173 0 0 0 64 
1359 2011-05-13 13:33:00 182 2 0 0 86 
1360 2011-05-13 13:34:00 196 0 0 0 100 
1361 2011-05-13 13:35:00 178 0 0 0 84 
1362 2011-05-13 13:36:00 204 0 0 0 84 
1363 2011-05-13 13:37:00 168 0 0 0 82 
1364 2011-05-13 13:38:00 200 0 0 0 104 
1365 2011-05-13 13:39:00 194 2 0 0 88 
1366 2011-05-13 13:40:00 202 0 0 0 90 
1367 2011-05-13 13:41:00 178 0 0 0 90 
1368 2011-05-13 13:42:00 182 0 0 0 70 
1369 2011-05-13 13:43:00 164 0 0 0 54 
1370 2011-05-13 13:44:00 196 0 0 0 60 
1371 2011-05-13 13:45:00 176 4 0 0 72 
1372 2011-05-13 13:46:00 184 0 0 0 106 
1373 2011-05-13 13:47:00 184 4 0 0 84 
1374 2011-05-13 13:48:00 172 0 0 0 74 
1375 2011-05-13 13:49:00 172 2 0 0 98 
1376 2011-05-13 13:50:00 234 0 0 2 78 
1377 2011-05-13 13:51:00 166 4 0 0 90 
1378 2011-05-13 13:52:00 188 0 0 0 106 
1379 2011-05-13 13:53:00 182 0 0 0 120 
1380 2011-05-13 13:54:00 144 0 0 0 74 
1381 2011-05-13 13:55:00 226 0 0 0 102 
1382 2011-05-13 13:56:00 182 0 0 0 86 
1383 2011-05-13 13:57:00 218 0 0 0 70 
1384 2011-05-13 13:58:00 196 4 0 0 80 
1385 2011-05-13 13:59:00 196 0 0 0 90 
1386 2011-05-13 14:00:00 198 0 0 0 108 
1387 2011-05-13 14:01:00 180 0 0 0 110 
1388 2011-05-13 14:02:00 190 0 0 0 88 
1389 2011-05-13 14:03:00 188 2 0 0 70 
1390 2011-05-13 14:04:00 196 0 0 0 80 
1391 2011-05-13 14:05:00 184 2 0 0 80 
1392 2011-05-13 14:06:00 174 4 0 0 92 
1393 2011-05-13 14:07:00 198 2 0 0 92 
1394 2011-05-13 14:08:00 182 2 0 0 72 
1395 2011-05-13 14:09:00 198 0 0 0 98 
1396 2011-05-13 14:10:00 196 0 0 0 100 
1397 2011-05-13 14:11:00 192 0 0 0 88 
1398 2011-05-13 14:12:00 144 0 0 0 54 
1399 2011-05-13 14:13:00 146 0 0 0 80 
1400 2011-05-13 14:14:00 164 0 0 0 70 
1401 2011-05-13 14:15:00 42 0 0 0 14 
